0,255,130;
1,255,131;
2,254,132;
3,253,133;
4,252,134;
5,251,135;
6,250,136;
7,249,137;
8,248,138;
9,247,139;
10,246,140;
11,245,141;
12,244,142;
13,243,143;
14,242,144;
15,241,145;
16,240,146;
17,239,147;
18,238,148;
19,237,149;
20,236,150;
21,235,151;
22,234,152;
23,233,153;
24,233,154;
25,232,155;
26,231,156;
27,230,157;
27,229,158;
28,228,159;
29,227,160;
30,226,161;
31,225,162;
32,224,163;
33,223,164;
34,222,165;
35,221,166;
36,220,167;
37,219,169;
38,218,170;
39,217,171;
40,216,172;
41,215,173;
42,214,174;
43,213,175;
44,212,176;
45,211,177;
46,210,178;
47,209,179;
48,208,180;
49,207,181;
50,206,182;
51,205,183;
52,204,184;
53,203,185;
54,202,186;
55,201,187;
56,201,188;
57,200,189;
58,199,190;
59,198,191;
60,197,192;
61,196,193;
62,195,194;
62,194,195;
61,194,196;
60,194,197;
59,194,198;
58,194,199;
57,194,200;
56,194,201;
55,194,202;
54,194,203;
54,194,203;
53,194,204;
52,194,205;
51,194,206;
50,194,207;
49,194,208;
48,195,209;
47,195,210;
46,195,211;
45,195,212;
44,195,213;
43,195,214;
42,195,215;
41,195,216;
40,195,217;
39,195,218;
38,195,219;
37,195,220;
36,195,220;
35,195,221;
34,195,222;
33,195,223;
32,195,224;
31,195,225;
30,195,226;
29,195,227;
28,195,228;
27,195,229;
26,195,230;
25,195,231;
24,195,232;
23,195,233;
22,195,234;
21,195,235;
20,196,236;
19,196,237;
18,196,238;
17,196,238;
16,196,239;
15,196,240;
14,196,241;
13,196,242;
12,196,243;
11,196,244;
10,196,245;
9,196,246;
8,196,247;
7,196,248;
6,196,249;
5,196,250;
4,196,251;
3,196,252;
2,196,253;
1,196,254;
0,196,255;
0,195,255;
0,192,255;
0,189,255;
0,185,255;
0,182,255;
0,179,255;
0,176,255;
0,173,255;
0,170,255;
0,167,255;
0,164,255;
0,161,255;
0,158,255;
0,155,255;
0,152,255;
0,149,255;
0,145,255;
0,142,255;
0,139,255;
0,136,255;
0,133,255;
0,130,255;
0,127,255;
0,124,255;
0,121,255;
0,118,255;
0,115,255;
0,112,255;
0,109,255;
0,105,255;
0,102,255;
0,99,255;
0,96,255;
0,93,255;
0,90,255;
0,87,255;
0,84,255;
0,81,255;
0,78,255;
0,75,255;
0,72,255;
0,69,255;
0,65,255;
0,62,255;
0,59,255;
0,56,255;
0,53,255;
0,50,255;
0,47,255;
0,44,255;
0,41,255;
0,38,255;
0,35,255;
0,32,255;
0,28,255;
0,25,255;
0,22,255;
0,19,255;
0,16,255;
0,13,255;
0,10,255;
0,7,255;
0,4,255;
0,1,255;
0,0,254;
0,0,252;
0,0,250;
0,0,248;
0,0,246;
0,0,244;
0,0,243;
0,0,241;
0,0,239;
0,0,237;
0,0,235;
0,0,233;
0,0,231;
0,0,229;
0,0,227;
0,0,225;
0,0,223;
0,0,221;
0,0,219;
0,0,217;
0,0,215;
0,0,213;
0,0,211;
0,0,209;
0,0,207;
0,0,205;
0,0,203;
0,0,201;
0,0,199;
0,0,197;
0,0,195;
0,0,193;
0,0,191;
0,0,190;
0,0,188;
0,0,186;
0,0,184;
0,0,182;
0,0,180;
0,0,178;
0,0,176;
0,0,174;
0,0,172;
0,0,170;
0,0,168;
0,0,166;
0,0,164;
0,0,162;
0,0,160;
0,0,158;
0,0,156;
0,0,154;
0,0,152;
0,0,150;
0,0,148;
0,0,146;
0,0,144;
0,0,142;
0,0,140;
0,0,138;
0,0,136;
0,0,135;
0,0,133;
0,0,131